[1] "Corrected RAND:"
[1] 0.1487142
[1] "Statictics for real clustering:"
$n
[1] 263

$cluster.number
[1] 8

$cluster.size
[1] 103  46  41  64   4   2   1   2

$min.cluster.size
[1] 1

$noisen
[1] 0

$diameter
[1]  0  0  0  0  0  0 NA  0

$average.distance
[1]   0   0   0   0   0   0 NaN   0

$median.distance
[1]  0  0  0  0  0  0 NA  0

$separation
[1] 1 1 1 1 1 1 1 1

$average.toother
[1] 1 1 1 1 1 1 1 1

$separation.matrix
     [,1] [,2] [,3] [,4] [,5] [,6] [,7] [,8]
[1,]    0    1    1    1    1    1    1    1
[2,]    1    0    1    1    1    1    1    1
[3,]    1    1    0    1    1    1    1    1
[4,]    1    1    1    0    1    1    1    1
[5,]    1    1    1    1    0    1    1    1
[6,]    1    1    1    1    1    0    1    1
[7,]    1    1    1    1    1    1    0    1
[8,]    1    1    1    1    1    1    1    0

$ave.between.matrix
     [,1] [,2] [,3] [,4] [,5] [,6] [,7] [,8]
[1,]    0    1    1    1    1    1    1    1
[2,]    1    0    1    1    1    1    1    1
[3,]    1    1    0    1    1    1    1    1
[4,]    1    1    1    0    1    1    1    1
[5,]    1    1    1    1    0    1    1    1
[6,]    1    1    1    1    1    0    1    1
[7,]    1    1    1    1    1    1    0    1
[8,]    1    1    1    1    1    1    1    0

$average.between
[1] 1

$average.within
[1] 0

$n.between
[1] 25321

$n.within
[1] 9132

$max.diameter
[1] 0

$min.separation
[1] 1

$within.cluster.ss
[1] 0

$clus.avg.silwidths
1 2 3 4 5 6 7 8 
1 1 1 1 1 1 0 1 

$avg.silwidth
[1] 0.9961977

$g2
NULL

$g3
NULL

$pearsongamma
[1] 1

$dunn
[1] Inf

$dunn2
[1] Inf

$entropy
[1] 1.464788

$wb.ratio
[1] 0

$ch
[1] Inf

$cwidegap
[1] 0 0 0 0 0 0 0 0

$widestgap
[1] 0

$sindex
[1] 1

$corrected.rand
NULL

$vi
NULL

[1] "Statictics for teoretical clustering:"
$n
[1] 263

$cluster.number
[1] 8

$cluster.size
[1] 100  57  13  13  12  28  22  18

$min.cluster.size
[1] 12

$noisen
[1] 0

$diameter
[1] 1762 1762 1466 1483 1458 1687 1442 1342

$average.distance
[1] 1080.0739 1116.8434  914.4103 1032.9744  731.5909 1163.5026  961.7186
[8]  746.3137

$median.distance
[1] 1100.0 1148.0  961.0 1041.5  641.0 1230.0 1000.0  801.0

$separation
[1] 445 445 522 615 461 461 461 461

$average.toother
[1] 1345.213 1343.987 1333.182 1408.548 1468.548 1438.334 1367.551 1472.121

$separation.matrix
     [,1] [,2] [,3] [,4] [,5] [,6] [,7] [,8]
[1,]    0  445  522  666  975  750  480 1005
[2,]  445    0  593  833  890  741  641  671
[3,]  522  593    0  890 1174  769  593 1230
[4,]  666  833  890    0 1148  615  923  923
[5,]  975  890 1174 1148    0  961  923  461
[6,]  750  741  769  615  961    0  461  741
[7,]  480  641  593  923  923  461    0  923
[8,] 1005  671 1230  923  461  741  923    0

$ave.between.matrix
         [,1]     [,2]     [,3]     [,4]     [,5]     [,6]     [,7]     [,8]
[1,]    0.000 1238.583 1201.052 1320.510 1518.101 1433.985 1324.898 1576.310
[2,] 1238.583    0.000 1336.387 1366.901 1494.203 1518.759 1486.616 1372.164
[3,] 1201.052 1336.387    0.000 1426.438 1528.397 1499.102 1339.143 1594.209
[4,] 1320.510 1366.901 1426.438    0.000 1602.782 1488.310 1528.948 1615.889
[5,] 1518.101 1494.203 1528.397 1602.782    0.000 1434.842 1375.174 1138.403
[6,] 1433.985 1518.759 1499.102 1488.310 1434.842    0.000 1212.872 1405.722
[7,] 1324.898 1486.616 1339.143 1528.948 1375.174 1212.872    0.000 1366.949
[8,] 1576.310 1372.164 1594.209 1615.889 1138.403 1405.722 1366.949    0.000

$average.between
[1] 1378.914

$average.within
[1] 1076.385

$n.between
[1] 26923

$n.within
[1] 7530

$max.diameter
[1] 1762

$min.separation
[1] 445

$within.cluster.ss
[1] 149864498

$clus.avg.silwidths
          1           2           3           4           5           6 
0.057875437 0.045265402 0.227500363 0.189341174 0.368570336 0.001483163 
          7           8 
0.181020129 0.313747218 

$avg.silwidth
[1] 0.1060109

$g2
NULL

$g3
NULL

$pearsongamma
[1] 0.4509725

$dunn
[1] 0.2525539

$dunn2
[1] 0.9784273

$entropy
[1] 1.766793

$wb.ratio
[1] 0.7806032

$ch
[1] 20.89804

$cwidegap
[1]  811  977  954  970 1115 1142  833  696

$widestgap
[1] 1142

$sindex
[1] 511.0769

$corrected.rand
NULL

$vi
NULL

